100 48
42.516 7.049 71.368 87.924 95.645 17.065 66.226 10.544 73.324 75.204 89.191 11.424 26.383 34.906 7.878 33.717 27.204 85.991 47.626 44.523 99.246 52.618 60.084 10.133 90.988 35.189 88.862 76.600 60.964 62.334 87.205 3.480 69.383 58.573 91.404 65.028 75.639 57.630 75.571 48.963 32.834 64.763 60.387 59.216 99.668 68.265 92.933 26.873 
54.256 40.559 71.396 53.502 93.177 31.480 63.635 84.165 66.669 52.497 60.765 27.633 14.831 47.971 31.113 84.214 6.544 22.517 49.241 82.182 80.146 24.813 31.145 12.980 89.576 91.533 72.196 89.244 59.798 65.129 16.117 14.054 5.688 87.513 67.556 98.865 18.993 31.191 83.030 85.661 83.688 43.795 13.294 98.519 91.766 44.406 82.732 98.310 
66.923 31.974 80.492 47.069 56.787 11.638 60.049 46.362 3.171 32.245 35.606 62.968 97.374 51.723 77.022 3.062 39.236 44.578 1.927 58.229 75.768 84.957 43.890 59.456 28.753 57.184 57.975 20.519 1.590 40.707 18.828 68.513 72.681 99.321 15.582 29.468 10.959 75.631 75.830 14.129 7.876 11.436 77.098 5.249 63.159 54.120 8.311 2.395 
98.698 10.238 60.624 74.466 95.196 4.513 33.922 23.948 61.697 91.897 44.467 63.287 32.605 63.295 31.800 5.286 62.616 47.382 34.754 73.574 23.013 10.584 87.703 30.888 22.021 64.801 36.138 85.180 18.921 44.449 87.575 17.619 54.688 48.199 92.085 49.883 52.712 26.008 73.831 14.409 17.905 18.298 77.696 50.510 81.593 9.496 55.796 44.209 
56.878 90.550 17.783 79.891 1.134 5.487 10.779 23.155 70.288 46.917 8.335 89.209 91.366 95.910 6.828 46.053 44.109 98.913 95.936 96.821 24.921 69.768 11.230 42.826 88.066 88.926 93.336 69.659 98.422 49.132 13.868 55.300 39.682 31.651 35.191 40.817 37.138 45.970 63.971 7.426 92.886 72.306 96.635 84.252 68.216 3.463 30.305 12.325 
2.376 26.242 9.146 27.297 96.009 20.377 70.122 84.075 9.303 63.458 53.734 7.725 12.590 67.602 63.025 52.272 99.253 98.216 93.089 36.391 44.186 57.060 43.817 37.072 29.367 40.451 21.324 97.583 43.914 51.629 9.908 46.290 77.871 19.055 73.586 73.880 39.431 43.709 57.955 48.734 7.167 11.689 56.459 19.757 79.291 19.485 72.030 78.544 
17.701 65.119 14.935 61.887 22.179 58.751 98.959 51.546 99.202 20.283 49.129 43.116 71.913 59.037 89.406 49.784 78.092 62.993 23.664 17.523 6.701 81.620 66.257 13.868 93.309 22.717 33.626 72.600 42.202 5.655 51.144 59.903 70.774 66.078 21.790 92.953 24.829 20.749 44.499 24.032 41.032 93.628 67.148 12.945 52.665 56.554 62.729 30.757 
19.547 86.393 48.281 26.248 68.013 14.538 40.117 61.322 37.255 73.742 33.922 79.457 79.398 85.065 39.360 50.172 51.144 61.150 43.125 75.973 81.899 87.623 0.005 22.931 81.251 67.153 35.876 33.916 23.707 98.605 64.674 43.254 84.999 12.954 69.502 53.012 27.493 9.619 14.333 64.748 83.361 48.255 44.204 62.759 33.321 83.564 12.931 84.464 
44.714 56.055 60.437 26.612 43.679 60.442 49.544 24.930 27.594 85.420 58.846 51.301 84.025 23.520 94.555 69.024 36.474 64.057 22.036 63.967 73.676 36.369 28.714 57.037 84.624 72.919 19.796 17.945 56.483 32.727 2.409 1.196 88.782 62.846 27.809 32.461 23.288 77.353 57.391 50.883 62.773 16.237 2.184 46.798 39.757 96.739 15.822 76.231 
60.796 37.858 40.198 34.471 74.227 68.912 91.509 58.851 41.831 11.305 76.796 98.314 44.032 79.205 99.510 32.814 42.052 27.319 65.275 65.340 4.672 22.666 16.223 67.444 38.903 18.406 14.242 78.659 15.145 30.064 54.890 75.940 67.922 95.088 10.412 42.149 64.001 1.920 1.000 5.832 13.225 77.796 4.145 57.257 57.002 3.655 90.072 99.053 
30.974 55.347 64.393 35.646 78.013 80.616 3.090 16.916 99.022 17.332 95.575 14.167 47.397 50.466 90.107 15.319 45.554 0.519 57.468 9.554 2.439 58.469 15.386 15.665 36.265 19.531 72.922 93.267 23.187 62.994 92.320 54.161 18.341 56.714 89.807 96.354 37.330 92.898 13.270 36.352 10.230 8.846 50.519 57.627 59.311 40.626 72.946 4.865 
41.145 30.415 14.419 43.584 88.883 29.806 59.249 25.148 49.337 32.171 18.415 72.524 95.165 10.735 26.685 13.506 67.449 16.493 9.861 4.779 9.391 23.131 41.131 19.621 31.977 91.650 77.248 91.288 32.276 50.194 96.153 73.421 80.609 10.572 17.006 69.492 40.378 76.255 94.640 89.715 8.426 13.055 62.239 3.591 23.790 88.924 17.097 91.239 
5.417 26.958 96.018 14.808 50.089 37.149 34.429 82.066 28.799 11.676 73.353 61.074 61.870 69.506 34.496 42.479 80.079 51.501 11.971 20.457 27.756 6.611 10.172 36.182 19.666 72.411 39.773 43.457 61.335 56.870 34.696 66.752 83.828 30.714 81.560 33.917 67.863 15.989 15.983 96.662 27.665 89.336 57.736 89.535 58.843 92.232 32.014 38.921 
43.733 43.985 59.378 71.489 50.596 69.550 7.671 70.262 41.960 47.444 13.719 3.295 4.314 48.415 70.047 88.142 79.129 51.607 22.059 46.992 67.596 38.042 43.654 95.261 27.378 1.390 84.796 86.221 93.622 16.810 25.142 37.355 60.796 84.520 8.844 11.392 54.070 16.516 81.654 96.030 63.960 95.373 99.325 68.274 43.788 69.372 56.416 22.918 
20.979 78.475 69.910 88.575 16.517 13.564 83.836 43.895 14.955 68.632 30.116 8.577 85.442 55.258 45.932 46.238 39.778 54.777 57.630 93.848 71.292 39.284 89.878 35.252 34.657 89.203 3.525 78.445 58.575 59.941 1.363 79.555 38.416 71.273 68.130 54.933 84.837 51.966 98.828 99.792 20.597 28.944 8.369 6.039 84.202 54.301 52.277 23.980 
9.078 9.906 17.827 80.370 49.190 7.705 15.622 83.847 96.908 19.147 62.292 55.483 79.089 63.655 35.038 17.505 34.929 3.168 72.437 19.766 55.133 71.265 19.558 75.731 0.209 27.927 81.770 84.411 82.229 34.046 8.390 91.306 43.953 26.218 71.677 93.143 33.923 87.299 76.990 30.831 6.446 39.283 86.314 85.535 2.938 21.352 3.039 37.867 
24.520 75.477 57.633 79.653 46.742 77.191 55.384 46.951 5.118 37.153 31.362 87.347 71.200 39.752 78.653 15.153 65.969 50.330 8.296 99.892 37.629 85.286 30.723 44.075 24.568 17.037 29.610 27.506 38.389 32.649 65.373 62.909 8.126 23.006 42.562 54.868 0.196 97.946 1.819 5.315 35.100 33.180 92.661 6.300 72.932 71.314 21.452 38.901 
21.644 29.748 38.793 59.273 15.034 69.516 3.348 39.602 86.552 32.958 67.108 24.941 65.607 32.481 87.850 73.732 55.487 30.412 28.600 55.683 28.359 30.419 60.998 63.458 63.599 53.659 69.758 36.531 24.973 91.210 75.432 46.617 20.958 14.225 5.890 35.992 83.740 9.238 75.594 70.293 42.196 42.702 95.234 7.802 75.184 83.084 81.534 30.670 
13.497 10.134 86.354 41.855 40.553 47.351 5.313 4.152 1.010 75.071 40.683 25.983 66.281 16.115 72.601 87.239 30.340 78.491 23.231 14.080 87.729 98.825 84.373 29.924 41.527 79.607 37.727 16.711 62.691 19.261 47.381 76.187 29.396 33.735 18.043 69.949 81.086 23.356 74.101 82.096 98.427 14.784 8.079 64.708 30.899 80.680 51.947 61.239 
59.171 75.178 75.319 46.900 74.003 59.692 76.824 15.531 39.298 14.551 32.242 1.989 33.812 79.623 78.176 63.208 13.357 96.219 33.156 94.443 19.575 7.257 76.539 18.002 22.041 84.619 82.710 52.941 65.299 34.658 14.179 24.470 9.836 89.498 71.370 83.840 49.190 48.194 99.370 88.488 62.745 31.612 90.477 96.557 11.235 68.653 59.765 24.592 
64.872 92.921 19.035 84.447 0.178 95.575 2.449 22.220 80.193 85.159 75.160 45.492 19.817 89.340 69.962 29.653 78.838 41.332 13.493 28.028 89.526 12.863 16.515 52.272 44.475 6.992 48.829 55.709 75.645 8.594 80.301 40.517 1.515 99.336 24.964 1.693 94.911 27.413 23.913 75.104 12.572 99.074 20.596 32.389 88.414 90.559 62.042 67.251 
31.891 75.535 95.279 21.417 88.398 11.795 73.689 32.873 18.787 22.517 88.582 94.432 31.111 68.883 34.949 32.626 68.219 59.913 34.319 63.130 87.326 58.233 38.234 99.899 57.306 58.830 32.288 45.720 49.389 94.331 12.971 81.280 69.866 8.250 2.697 58.263 20.045 76.385 91.136 38.831 98.903 79.718 33.263 30.014 48.601 68.212 62.640 16.820 
28.126 96.959 79.950 15.452 55.191 18.184 15.351 12.498 77.014 47.639 58.217 26.403 41.970 71.189 7.683 11.835 79.439 10.379 70.099 99.484 86.764 61.235 38.315 85.667 40.952 71.578 15.680 89.553 39.791 78.320 6.373 67.916 75.279 86.322 83.368 30.471 4.506 98.719 42.968 81.520 46.358 1.186 7.923 88.328 72.374 15.606 0.163 51.813 
25.985 70.262 51.297 12.750 31.497 89.612 98.416 72.449 61.190 14.097 62.002 0.981 92.417 68.375 68.897 67.696 54.697 52.266 98.167 59.203 50.985 41.135 40.723 97.343 42.321 48.647 85.671 14.695 64.253 85.835 66.508 90.238 56.097 17.804 2.988 87.593 7.416 1.404 60.042 68.606 15.501 22.044 69.587 7.918 90.419 38.484 75.614 45.116 
90.750 73.781 4.319 41.735 14.916 45.043 39.079 57.237 93.689 24.750 71.931 57.942 10.584 38.439 48.181 66.681 56.243 51.169 54.274 63.659 52.573 14.317 32.265 68.074 36.361 1.852 75.992 26.780 40.336 51.607 71.897 31.086 25.388 76.216 72.822 40.304 21.258 11.900 97.541 14.948 36.650 69.472 72.890 47.235 7.911 21.071 13.916 64.154 
72.240 68.190 27.813 24.813 82.507 60.078 92.887 18.868 61.930 68.879 45.649 2.266 20.486 17.545 33.352 45.874 93.761 6.173 86.178 15.019 18.074 83.719 29.967 54.724 53.191 2.858 1.958 61.103 23.929 15.874 25.257 96.169 84.064 53.070 20.981 66.571 13.148 13.868 85.439 75.077 82.747 31.088 77.343 3.233 48.633 10.695 49.107 42.394 
16.868 35.285 57.413 34.942 19.004 87.381 89.666 72.195 90.238 91.624 33.298 14.167 7.498 58.555 10.336 91.561 11.625 31.317 58.132 24.773 45.185 43.571 99.850 27.932 74.659 77.193 31.165 23.292 87.888 80.272 65.686 4.756 15.557 23.099 39.698 34.561 10.480 29.364 6.756 0.718 20.988 40.054 14.886 28.485 98.609 25.222 20.047 10.234 
56.539 78.179 35.006 1.724 21.750 34.857 29.656 96.409 12.050 60.821 19.701 99.938 41.093 85.387 4.694 56.649 8.486 44.393 91.210 18.966 73.757 97.966 19.684 94.744 38.020 34.570 23.229 36.629 59.791 43.276 46.863 16.330 21.455 81.869 18.054 43.205 16.726 47.710 39.614 28.776 8.530 59.315 28.714 49.623 44.702 33.408 6.272 53.188 
77.801 97.483 72.154 51.558 95.449 91.838 46.302 33.469 26.408 69.531 70.098 86.200 12.807 16.961 2.530 34.262 98.830 20.584 77.467 15.556 68.293 17.081 44.332 76.824 76.396 73.046 26.447 21.099 6.454 32.719 74.287 84.255 30.202 46.441 35.813 25.651 38.279 82.115 59.120 64.688 51.646 29.218 50.888 64.453 46.179 53.418 98.716 45.009 
74.001 76.183 60.566 42.295 93.264 4.897 19.118 69.661 77.943 45.565 90.759 84.397 78.284 65.046 68.652 8.486 11.487 4.464 34.137 49.767 86.579 93.256 14.454 38.225 22.474 65.342 2.678 68.653 18.760 1.394 13.662 92.761 77.577 74.228 35.056 70.841 79.125 54.174 40.501 57.068 99.740 31.260 41.465 78.024 96.306 10.117 86.510 7.793 
14.581 20.646 57.560 1.159 13.902 72.014 39.384 36.377 37.357 42.062 5.030 56.116 43.456 18.692 48.878 21.033 92.920 83.934 91.873 72.046 38.108 32.375 29.114 37.848 63.635 70.579 15.872 59.941 80.696 2.381 67.735 95.277 23.028 25.295 96.436 36.930 97.309 35.820 73.307 34.666 77.883 78.336 90.782 21.339 97.029 39.660 42.371 89.949 
23.594 34.245 61.995 61.702 66.620 91.109 99.550 30.255 61.688 15.421 90.196 42.384 17.802 57.931 37.661 40.830 83.226 34.097 77.760 80.535 69.917 51.067 15.201 47.800 29.403 5.984 69.139 26.432 45.644 11.510 16.381 69.238 45.755 78.376 30.940 12.375 69.485 30.489 42.630 31.173 45.910 32.826 73.557 63.713 90.757 11.218 4.543 73.983 
45.315 82.303 54.518 15.232 33.370 69.720 63.032 62.773 75.703 32.171 89.205 21.347 43.682 5.586 90.585 89.437 83.961 21.524 1.812 53.446 52.013 44.441 84.619 97.924 77.267 58.175 61.637 68.024 69.393 66.180 42.007 14.708 48.482 96.525 29.940 81.852 66.245 92.973 44.625 41.948 25.144 33.829 63.296 68.826 39.415 53.880 58.263 23.376 
75.405 60.075 76.822 27.418 4.516 61.441 25.342 81.783 19.616 86.979 49.807 89.010 53.158 91.814 3.718 1.641 88.340 33.658 83.493 54.585 26.631 28.117 96.533 51.775 61.947 59.829 20.601 1.361 13.709 78.864 24.738 89.114 38.938 1.560 16.532 43.454 63.001 41.874 25.238 82.617 28.853 75.045 71.627 82.011 66.859 75.344 83.652 55.199 
9.003 67.144 9.784 35.633 95.262 6.317 87.409 57.208 66.146 8.010 58.570 79.855 86.873 83.308 68.969 25.812 84.868 85.501 69.266 47.868 27.375 94.504 30.486 56.228 69.549 2.112 38.239 36.408 77.457 21.891 91.607 86.459 89.036 1.391 22.093 84.297 7.708 9.501 41.506 73.854 17.511 0.076 53.709 4.384 83.383 22.678 30.196 68.251 
8.180 99.462 16.119 35.555 93.966 46.605 91.783 63.514 48.717 30.022 99.922 26.174 51.914 91.529 12.633 40.949 92.920 34.726 25.247 0.628 44.228 66.752 74.482 61.739 66.828 28.192 66.123 50.211 50.870 96.319 18.462 59.050 95.781 34.581 94.605 89.746 81.186 86.388 53.260 29.903 16.410 53.183 56.077 68.324 44.712 68.711 9.273 37.632 
3.437 34.520 38.260 47.665 1.272 12.742 9.404 68.100 40.934 75.527 18.311 91.804 71.846 36.773 50.854 67.627 71.355 45.459 57.373 52.541 31.847 10.634 82.444 48.257 63.816 38.522 16.581 8.528 7.233 25.854 46.160 10.670 60.373 84.420 58.335 61.645 97.162 67.739 29.745 38.096 43.266 48.057 29.901 15.112 84.830 80.755 82.738 56.185 
26.213 40.112 8.725 58.060 50.745 91.169 6.317 14.561 29.691 22.898 23.089 36.923 48.751 69.249 47.593 9.125 53.669 5.928 70.770 50.831 73.667 0.515 88.928 16.933 48.572 18.829 32.044 33.402 99.583 14.783 89.586 25.797 54.894 98.312 83.856 5.639 89.481 90.173 20.201 19.172 13.071 43.290 56.095 61.822 12.539 3.688 70.947 66.208 
9.616 41.717 17.040 83.283 42.232 5.967 0.216 90.804 24.796 32.260 24.206 24.379 47.042 13.792 50.176 1.936 12.104 34.032 7.576 1.585 24.205 27.776 20.756 37.276 71.066 76.851 99.099 83.605 80.540 70.045 49.813 90.156 11.762 66.853 73.439 53.994 72.820 73.655 44.798 97.616 5.914 69.003 21.995 52.957 82.795 72.171 54.893 94.899 
6.203 62.469 96.484 30.409 90.245 17.240 67.685 61.311 94.091 66.783 44.916 74.631 36.829 94.730 64.787 48.591 61.582 38.226 2.585 34.402 11.880 47.382 32.018 17.795 16.386 54.014 70.751 99.181 26.184 25.645 94.080 32.387 88.113 90.564 62.796 78.359 7.804 30.481 39.670 1.896 97.264 84.586 76.527 34.093 79.316 41.314 82.684 40.898 
79.540 85.268 75.300 91.420 32.650 7.319 9.215 49.036 61.332 79.966 48.217 87.516 5.611 42.297 19.904 93.724 32.861 82.700 72.083 40.666 13.181 11.753 42.561 10.445 96.340 19.088 44.538 75.656 60.402 27.221 16.554 39.942 12.490 91.854 31.362 45.140 99.172 40.577 94.176 60.504 20.543 42.393 48.021 26.154 84.690 67.925 19.878 17.552 
50.624 91.962 58.217 63.805 3.715 0.779 74.250 0.054 19.867 18.788 75.710 80.268 46.010 92.263 20.210 58.499 84.117 51.572 3.639 83.289 92.149 97.815 43.794 12.692 40.208 91.815 38.846 24.898 59.739 58.724 42.449 10.364 50.686 0.667 74.169 54.400 1.445 48.419 54.455 21.312 67.207 30.164 1.580 13.217 22.428 21.790 71.716 6.545 
73.362 75.355 89.834 65.511 73.169 33.628 78.203 13.377 25.443 17.048 38.275 85.182 75.772 80.724 95.546 26.458 81.391 69.714 80.859 82.836 18.133 35.313 4.148 85.340 65.478 5.728 98.557 87.906 27.518 70.273 94.450 0.880 45.627 84.285 66.391 18.797 17.913 44.594 32.174 43.356 61.642 70.448 28.538 37.414 51.172 24.083 63.873 32.563 
93.798 44.731 15.399 11.931 80.045 19.547 97.271 45.522 25.275 95.828 33.428 52.793 66.101 27.878 53.673 11.728 12.163 20.065 30.525 30.076 64.658 62.699 73.432 26.300 33.147 1.969 63.715 84.319 26.053 27.587 16.882 19.850 72.318 32.282 31.781 52.363 51.828 29.053 97.885 77.103 24.881 31.313 29.896 90.982 59.191 83.570 2.711 71.354 
3.634 33.236 1.430 68.292 95.934 74.862 94.593 29.081 76.831 58.307 13.400 2.884 85.894 30.283 22.734 58.213 62.564 54.515 10.576 14.393 83.568 8.461 91.496 8.449 39.774 21.392 99.431 98.966 4.962 2.141 70.320 8.596 35.377 71.750 76.888 31.311 46.612 71.481 60.392 23.444 29.788 73.792 26.328 15.683 4.075 49.062 73.895 66.639 
3.577 84.471 81.032 87.145 92.932 72.528 95.593 32.707 93.920 95.024 31.672 98.882 97.166 1.992 7.478 32.543 73.742 84.366 63.853 20.355 55.847 24.245 43.799 85.636 98.037 70.126 1.318 2.112 19.188 75.213 68.751 22.765 59.685 49.782 9.910 52.617 22.310 5.503 85.324 16.230 0.528 16.996 15.111 97.693 18.988 22.589 30.236 92.730 
6.956 94.089 13.085 62.803 18.334 56.884 48.438 16.372 27.010 49.757 18.484 46.198 24.970 87.234 68.964 84.655 37.016 78.874 37.272 59.326 84.377 22.595 75.556 84.904 39.591 90.667 82.598 58.579 13.257 12.833 51.309 20.212 6.923 64.394 83.015 25.257 21.278 31.453 41.629 48.288 81.210 60.112 94.486 6.180 47.347 63.450 90.835 84.363 
42.324 28.106 43.689 26.700 50.702 19.245 11.605 90.293 9.913 94.202 48.872 23.169 7.036 0.181 43.381 13.958 64.575 26.396 39.216 85.853 57.850 80.844 34.141 39.060 40.957 28.628 45.240 88.304 92.078 36.075 72.667 34.401 64.181 16.356 61.101 14.883 35.602 72.706 5.176 45.514 66.909 54.048 68.684 73.945 54.229 12.065 87.903 18.805 
38.461 27.119 4.658 96.311 7.963 38.799 35.371 48.920 67.427 80.611 37.223 59.504 16.686 9.890 93.905 80.867 26.246 55.006 95.750 61.848 27.713 0.926 7.362 94.621 54.974 76.045 68.566 9.204 88.110 56.469 28.008 26.572 83.588 32.666 22.883 91.551 71.465 58.254 40.471 38.891 38.866 77.694 98.395 55.552 87.584 92.301 36.419 13.830 
47.307 32.169 75.678 75.020 33.096 83.040 69.641 88.070 59.086 38.207 97.273 47.196 94.676 25.282 73.768 78.264 57.947 96.651 69.814 29.412 54.905 10.285 68.304 93.771 87.979 66.699 49.323 75.563 59.000 85.742 89.393 6.307 17.911 65.071 81.327 51.007 48.111 50.968 39.077 7.197 89.175 36.351 54.393 83.851 61.632 28.161 62.115 19.580 
24.812 31.929 48.992 79.717 42.214 17.296 73.488 30.193 83.995 22.811 5.756 42.995 8.553 95.149 49.302 26.465 60.220 30.628 77.472 8.332 81.596 16.549 15.529 70.771 52.900 69.921 54.622 14.532 98.082 16.737 34.112 22.894 48.666 83.104 2.611 90.880 0.399 76.099 21.073 84.394 98.910 26.828 27.389 7.464 21.978 76.691 33.928 82.198 
7.319 11.400 90.530 88.915 27.950 6.058 59.686 80.849 75.980 14.308 95.381 74.062 31.045 29.493 96.955 79.710 12.596 99.566 70.590 12.996 75.665 91.663 97.390 74.575 18.491 24.779 82.038 40.469 1.470 15.967 22.667 8.789 27.367 13.196 97.704 55.317 19.254 57.390 36.166 95.234 71.698 31.547 69.296 2.743 61.040 66.251 82.453 73.636 
65.817 53.043 86.632 41.481 44.706 84.022 16.056 63.197 8.801 98.095 3.666 10.270 14.061 26.332 19.059 41.429 39.528 16.763 96.745 58.783 74.154 32.912 54.017 45.852 64.459 23.312 48.595 25.499 89.563 31.048 99.136 55.380 84.091 85.767 96.861 28.796 69.789 12.917 91.993 78.590 11.012 95.659 88.860 25.074 21.991 7.920 66.502 61.519 
24.683 63.248 20.302 98.837 96.159 74.319 44.689 60.618 97.631 93.283 86.117 87.195 24.331 85.253 42.574 8.422 71.020 39.436 37.218 40.809 52.353 29.211 19.399 63.365 24.870 8.260 88.439 46.861 16.180 54.941 8.381 40.863 18.188 28.683 39.700 14.348 3.002 84.388 74.966 0.633 77.672 61.083 87.828 2.003 46.336 30.402 10.425 17.356 
69.838 47.643 58.165 22.191 76.854 77.565 85.556 1.725 85.824 73.994 48.586 2.004 28.935 56.966 42.867 47.123 85.649 82.566 61.471 88.651 66.955 36.437 89.285 44.627 97.520 77.112 46.630 43.855 7.514 57.054 61.211 77.352 4.697 19.376 99.543 81.552 96.941 85.098 83.276 82.765 59.093 31.862 84.769 88.028 88.829 27.635 35.151 74.478 
10.202 96.622 63.129 77.156 33.059 52.414 21.783 30.578 29.526 68.412 74.434 37.041 25.467 35.644 14.393 30.164 55.020 13.936 11.716 51.961 99.034 94.992 34.726 58.127 26.854 19.494 46.154 15.683 47.130 81.305 90.161 57.331 77.927 53.291 34.487 10.986 5.705 56.270 41.564 35.231 24.682 15.998 72.272 50.149 51.642 86.665 80.313 6.663 
0.601 92.028 58.624 99.635 87.020 93.350 57.762 13.875 12.844 3.916 29.558 59.974 85.221 19.719 17.305 63.148 73.010 51.793 74.134 78.715 8.063 15.699 13.946 32.745 31.697 86.218 82.894 83.339 72.883 63.207 90.002 73.484 55.235 48.626 73.119 42.256 41.975 30.880 56.130 54.819 34.796 85.688 14.793 20.017 5.408 32.099 83.165 78.418 
83.891 57.299 57.132 91.954 72.998 71.078 24.699 4.694 57.296 7.593 88.033 30.179 70.800 78.035 3.663 26.035 26.661 76.782 68.291 68.636 7.662 24.421 23.456 42.458 10.109 38.249 62.475 15.517 70.348 45.640 93.935 54.239 2.939 51.067 46.193 75.936 22.146 70.892 80.631 79.442 78.486 68.664 9.621 49.285 46.699 13.284 75.320 73.360 
90.066 43.611 41.997 97.728 68.032 65.452 40.186 78.142 3.701 2.660 93.659 74.049 48.300 87.594 28.288 51.239 38.661 74.481 27.175 60.807 45.374 7.806 40.249 23.859 76.470 49.870 73.145 23.169 63.154 48.465 96.530 53.221 92.076 38.526 50.949 60.108 3.978 91.134 38.250 7.680 93.795 31.909 81.729 42.095 19.502 10.017 93.333 58.163 
84.499 20.509 18.970 29.872 28.315 59.219 53.732 4.785 9.088 26.876 27.954 72.243 75.342 24.484 25.463 67.418 63.010 76.412 27.526 66.988 67.546 65.776 74.668 61.341 97.685 56.397 3.436 17.187 66.414 96.769 75.351 50.913 17.278 94.321 80.785 45.592 53.539 34.517 50.377 62.628 61.393 78.331 34.871 36.734 2.814 60.334 4.152 65.824 
36.746 31.678 32.812 4.292 97.455 7.480 65.633 95.140 63.877 69.069 12.327 30.291 65.838 87.678 81.204 83.116 81.999 61.989 28.708 35.538 96.506 79.085 98.166 57.899 57.416 33.036 94.633 60.231 93.370 98.785 26.055 30.116 30.463 58.867 34.408 27.918 66.347 0.041 23.058 30.224 69.110 35.385 60.516 34.948 23.063 41.720 18.064 5.062 
3.709 46.772 40.600 0.215 25.857 38.766 58.113 83.273 71.802 52.746 43.504 65.172 51.531 69.558 95.288 81.995 28.425 29.696 9.913 94.773 29.736 32.970 24.997 98.846 68.355 85.513 33.794 91.418 27.233 51.857 96.480 30.942 98.629 37.080 31.157 24.486 75.846 89.270 7.760 47.648 42.017 51.263 12.820 93.548 20.822 8.108 75.542 49.247 
37.804 85.455 44.020 67.540 18.426 69.017 66.386 86.781 54.530 0.180 78.199 81.763 52.037 74.679 12.706 50.667 11.760 43.863 75.153 87.605 33.133 82.913 35.253 75.150 34.176 48.073 68.698 54.998 56.181 44.240 4.245 93.985 29.695 48.265 61.525 48.121 17.282 27.912 34.902 71.813 28.092 13.101 53.576 80.129 87.781 66.282 30.796 99.540 
10.145 5.949 87.145 43.278 88.862 22.399 18.428 23.038 70.472 87.126 78.036 26.653 31.366 82.281 20.638 61.061 30.546 82.163 9.182 47.828 10.075 44.084 19.641 38.167 57.185 73.217 18.297 44.966 39.499 49.093 44.506 49.644 55.042 31.651 92.922 43.904 54.050 11.349 66.942 24.522 98.475 44.978 51.175 29.841 27.259 71.813 90.902 57.805 
53.976 0.085 5.633 64.051 44.169 25.274 2.218 1.354 98.492 20.515 46.320 37.991 69.608 90.826 87.634 24.649 22.477 80.556 68.553 76.527 91.905 35.495 1.049 90.380 80.472 52.223 20.221 7.731 24.036 11.123 65.535 78.012 11.208 71.169 42.063 55.377 96.443 44.282 56.731 94.934 64.797 3.051 32.925 34.404 93.877 20.559 59.054 16.354 
1.115 27.607 92.882 93.020 63.102 93.930 83.400 43.574 46.154 3.621 51.304 70.189 14.744 16.840 48.201 25.952 88.008 90.265 81.329 84.451 34.546 38.060 79.386 99.343 41.111 12.311 33.747 34.988 32.870 92.801 51.343 33.985 20.408 44.224 27.005 83.510 38.155 10.405 27.083 84.308 14.026 78.388 54.498 28.770 95.228 2.699 54.722 83.236 
92.964 36.051 67.688 27.510 74.111 47.073 26.853 15.223 59.384 60.600 50.211 92.254 53.402 1.554 26.239 73.810 45.778 53.244 57.319 83.933 63.648 84.403 68.241 77.674 62.791 22.738 6.444 58.018 25.437 61.166 41.255 18.401 97.217 8.942 45.911 71.328 56.016 72.764 86.551 15.400 33.364 36.762 7.654 86.766 38.315 33.893 60.575 84.093 
87.137 17.895 68.026 50.786 2.298 36.267 28.460 65.088 59.005 34.903 23.107 84.442 96.069 64.361 2.843 93.286 73.304 48.754 64.614 29.319 21.517 51.165 44.719 54.881 87.927 52.374 41.647 26.242 86.267 2.222 10.335 73.404 20.117 78.361 24.190 22.415 14.628 52.650 87.503 73.633 87.553 10.610 58.075 83.622 74.971 60.918 76.908 48.275 
9.672 41.522 77.595 31.189 92.687 22.314 86.070 80.614 74.688 27.717 6.856 60.955 29.939 17.192 34.359 50.056 95.553 58.549 72.471 10.181 11.199 59.975 83.814 98.752 70.585 41.889 82.374 45.556 2.807 59.282 93.831 12.479 0.805 71.426 43.668 93.492 93.740 29.738 74.106 68.427 57.455 80.962 29.382 87.394 98.154 63.742 37.451 93.707 
22.291 9.922 3.888 33.490 69.896 87.702 32.242 40.481 29.590 14.616 86.037 32.397 73.899 79.868 44.876 74.703 51.294 88.543 68.195 45.034 18.281 42.301 13.461 75.736 23.264 42.844 63.130 21.418 6.585 0.581 15.125 28.876 10.503 19.012 62.366 80.399 6.714 94.608 20.880 36.304 9.225 6.917 68.701 83.123 86.786 13.577 57.827 38.080 
2.121 26.022 83.114 20.402 68.324 96.575 96.138 91.587 39.419 59.268 13.005 46.004 59.849 28.129 74.880 70.352 47.142 37.246 50.751 53.856 31.855 71.632 90.160 41.079 78.549 58.861 24.203 65.335 72.439 82.030 3.415 74.559 8.052 86.528 94.961 76.376 83.103 91.099 67.963 22.521 50.368 80.968 68.525 10.217 9.097 43.405 80.569 56.239 
80.652 31.320 10.095 12.506 2.952 0.254 53.586 81.501 59.116 77.789 46.836 31.554 59.819 50.250 6.114 67.871 36.778 1.075 44.246 19.881 92.174 12.209 42.403 42.542 93.177 10.928 52.759 2.274 54.333 33.327 58.512 34.985 64.648 68.607 47.491 67.599 68.861 1.077 49.100 27.977 78.866 95.936 59.531 38.684 46.186 65.645 6.555 82.964 
66.720 50.801 2.845 58.894 63.010 45.248 1.436 56.187 56.175 54.195 58.460 10.508 87.522 16.973 45.493 52.170 85.580 92.984 19.769 54.441 94.062 68.869 82.418 72.927 64.805 41.950 11.612 10.991 7.595 18.167 93.955 74.314 68.968 96.800 33.209 31.978 42.047 34.645 88.165 98.222 88.840 46.625 8.731 76.362 63.598 54.224 28.532 49.178 
47.209 48.301 3.619 41.270 17.170 86.037 14.198 81.975 27.987 25.809 92.965 35.581 43.976 86.920 9.896 12.944 83.719 43.104 44.923 25.767 77.749 33.087 23.989 66.589 79.713 32.720 42.950 43.310 86.944 71.482 92.488 34.153 19.783 96.107 75.423 36.953 82.144 89.621 18.928 10.130 15.430 11.893 45.711 59.406 98.813 55.607 72.351 82.532 
98.711 17.273 8.299 76.460 50.361 32.288 43.049 30.073 65.008 85.999 73.384 51.952 57.481 65.872 86.105 77.264 61.978 61.528 14.217 44.122 51.148 33.145 54.252 66.578 45.038 99.964 25.985 43.850 55.571 98.336 26.383 54.282 15.609 34.682 30.742 65.970 66.970 73.790 96.043 31.977 59.790 69.427 83.929 17.271 35.298 70.034 94.535 97.277 
31.562 8.752 41.399 82.710 41.896 95.651 49.289 86.934 95.615 75.274 30.784 51.186 73.609 57.167 5.467 89.218 91.849 36.209 55.188 58.818 10.000 51.231 90.796 69.789 20.658 74.725 87.060 55.956 44.759 81.595 53.233 76.321 90.347 94.632 59.031 32.243 90.284 8.320 19.177 85.899 83.594 49.961 37.084 57.203 7.128 42.552 46.421 98.977 
78.761 1.609 57.796 88.760 52.840 48.591 58.550 73.498 23.317 45.610 29.454 68.076 27.204 82.687 44.397 17.551 77.319 3.429 49.794 67.603 11.749 68.971 53.502 95.343 18.932 90.586 52.545 26.060 33.138 98.966 25.037 11.899 0.575 82.833 0.659 53.415 31.424 59.209 26.913 54.741 4.818 56.367 22.817 32.023 39.054 67.214 49.574 16.373 
70.643 99.368 83.977 82.392 68.339 37.479 77.735 87.271 28.065 30.280 13.331 61.203 29.246 38.368 73.102 29.822 21.201 73.761 83.237 52.625 32.970 10.150 7.366 37.788 66.517 30.183 69.811 5.571 97.398 19.385 21.944 68.041 18.753 5.921 50.432 87.091 43.399 28.167 74.362 71.464 58.447 87.693 32.667 87.693 26.062 5.769 17.515 47.263 
79.529 0.752 99.888 12.499 10.902 7.255 50.287 77.419 37.438 20.098 82.990 34.836 39.482 4.934 2.876 58.235 10.855 53.308 45.327 54.254 81.475 19.689 25.718 39.922 7.382 58.385 27.616 33.444 64.153 45.131 80.707 43.683 45.883 80.595 56.182 56.786 87.850 6.469 34.204 25.288 26.566 17.194 60.123 66.049 22.128 62.999 24.284 32.982 
16.308 69.610 87.236 97.783 89.299 12.954 37.706 96.681 71.339 65.322 30.125 35.492 10.453 10.832 79.175 56.336 91.427 35.357 13.122 79.277 41.826 47.326 4.565 68.392 64.520 64.688 34.441 86.648 27.688 58.724 19.630 43.996 28.335 6.867 41.779 17.634 19.821 79.485 14.315 91.160 44.806 44.440 26.652 55.259 55.273 5.827 11.595 46.700 
41.184 24.717 25.977 83.010 72.043 30.542 51.401 36.563 95.231 85.842 23.211 22.918 44.566 42.841 66.914 72.901 49.708 8.693 90.535 69.528 88.177 4.850 60.688 32.984 49.291 87.340 88.242 4.563 93.167 99.837 51.263 34.351 24.554 77.240 17.361 96.597 7.782 68.762 33.159 3.013 54.604 56.370 25.931 99.171 99.211 92.845 72.072 48.919 
1.538 62.607 18.448 89.716 67.457 79.136 22.699 16.747 66.476 10.942 21.310 59.643 10.779 72.573 93.995 35.333 49.814 11.356 31.929 57.596 80.118 65.089 60.609 34.722 21.459 86.540 33.893 20.671 79.385 5.965 69.590 80.923 68.572 88.037 70.639 36.029 67.173 93.338 52.776 33.649 4.279 74.086 93.293 15.058 46.660 87.287 50.391 96.473 
98.643 82.320 54.069 78.761 47.409 14.678 13.484 68.868 1.217 47.377 89.539 80.602 53.342 59.129 61.526 21.914 47.166 32.164 57.942 14.339 25.502 10.718 47.989 29.781 84.805 41.281 44.840 31.464 28.569 95.231 27.937 27.212 77.551 82.007 5.973 24.961 96.684 19.456 93.829 97.902 66.833 83.368 78.504 20.175 42.496 40.030 42.089 89.662 
72.194 0.031 4.002 97.696 10.749 51.990 27.477 95.554 93.271 72.317 27.018 21.840 67.548 54.956 49.051 45.099 36.962 55.024 70.060 33.646 74.480 63.889 31.548 41.314 47.257 10.052 61.489 89.753 50.082 3.577 79.415 22.276 3.609 83.417 19.972 14.358 35.407 47.449 9.912 28.679 19.766 36.930 50.519 87.314 91.886 99.570 32.413 28.848 
54.594 2.473 62.494 29.075 66.362 94.043 70.388 13.619 4.095 31.877 3.372 54.177 35.455 82.787 76.452 39.063 66.204 96.424 53.421 1.611 43.873 63.333 30.290 63.638 0.264 80.809 50.952 92.150 80.379 83.365 20.998 34.973 85.838 83.492 64.048 52.200 77.535 34.436 65.818 81.629 66.313 69.190 35.806 1.768 51.977 12.259 40.831 18.181 
8.683 94.253 19.792 52.556 57.586 50.082 16.194 57.850 30.891 67.146 49.999 11.270 50.511 70.997 46.243 36.349 54.489 10.291 88.549 32.023 44.727 54.367 13.653 11.041 23.557 49.459 12.809 75.534 61.718 53.640 93.715 70.401 47.892 13.508 22.956 5.478 63.590 39.150 63.328 94.481 6.296 13.327 5.751 56.807 84.323 51.993 93.156 38.812 
62.284 81.705 70.835 7.011 36.073 84.488 18.052 59.630 33.947 30.861 35.165 95.665 84.500 28.880 66.066 32.392 42.388 89.022 37.871 5.977 28.172 1.198 0.458 34.468 14.525 6.209 91.275 98.848 58.202 84.432 37.660 20.487 66.137 8.496 27.498 2.210 92.984 45.550 61.840 26.931 76.411 97.004 22.596 60.911 25.884 88.662 93.303 68.272 
77.684 31.174 74.249 5.856 32.372 74.707 40.324 46.897 80.916 31.599 45.746 39.118 16.031 83.406 59.605 82.168 91.902 87.103 84.377 84.886 32.653 46.217 11.817 9.064 43.221 34.413 69.975 69.105 23.075 63.278 37.377 0.759 94.453 11.626 6.614 26.825 86.333 46.938 73.722 67.250 78.537 19.468 6.368 94.568 2.874 65.973 76.736 94.776 
53.076 61.114 79.661 85.729 7.331 91.478 94.793 50.552 25.891 64.768 19.657 48.966 28.047 57.034 49.724 22.499 68.660 56.339 49.324 54.994 3.277 23.046 22.244 81.815 42.514 28.612 76.383 45.388 94.585 53.119 40.164 47.661 14.233 19.825 33.390 21.563 11.303 28.183 72.115 37.194 92.952 91.773 86.160 20.999 48.807 35.884 43.498 17.467 
92.223 92.822 72.461 95.500 15.869 94.705 77.314 58.383 23.316 53.697 3.771 17.901 6.816 43.935 65.562 21.049 63.760 98.952 42.612 75.063 27.135 14.727 12.257 20.087 6.500 98.416 41.085 55.307 34.300 84.583 72.774 26.523 77.405 45.236 22.023 93.274 39.940 99.337 51.657 63.257 53.035 55.428 81.158 59.851 99.363 46.719 80.900 63.123 
45.671 23.512 38.185 72.806 38.239 50.442 92.893 44.739 48.858 33.978 0.046 83.159 18.562 72.820 9.682 95.967 18.055 31.705 89.240 57.996 31.042 40.897 21.253 84.077 96.325 2.411 43.928 95.687 49.130 24.827 58.810 94.801 48.339 96.995 67.608 86.578 47.437 60.501 31.317 96.296 94.479 31.363 79.454 13.041 4.183 89.136 9.007 22.238 
20.841 98.248 80.234 51.883 39.145 1.487 35.960 35.469 3.898 79.887 31.157 53.028 4.714 89.966 47.829 53.053 86.961 15.437 39.631 34.399 75.937 70.948 30.694 70.417 2.311 10.149 83.457 6.494 99.285 92.464 28.732 20.126 90.712 8.966 72.009 29.857 10.453 7.968 65.326 14.350 87.855 96.483 67.378 92.570 86.449 15.207 45.623 73.410 
30.644 85.254 7.809 6.581 56.203 38.503 76.998 58.514 48.652 60.455 65.007 47.936 52.919 93.739 68.062 43.631 2.705 40.071 73.488 13.157 48.039 38.814 27.507 35.894 35.297 94.885 28.464 21.746 10.092 74.087 95.156 40.736 59.341 2.965 47.317 15.544 41.468 24.315 74.057 90.120 84.770 39.065 38.056 37.689 32.804 6.118 81.320 35.508 
46.189 54.808 48.665 94.228 93.623 76.173 30.122 28.920 71.058 58.585 50.666 81.150 32.672 45.822 21.886 92.013 48.787 69.203 7.557 90.256 93.518 81.614 80.375 78.288 20.679 18.432 15.976 53.482 24.550 97.297 88.990 70.739 52.105 37.656 64.967 45.728 13.828 95.088 74.647 84.886 53.674 25.313 66.036 86.346 71.135 87.922 78.359 19.923 
57.125 85.915 10.178 50.643 67.529 90.554 28.931 88.208 8.985 44.907 41.690 33.535 42.204 30.680 4.274 94.309 68.336 69.240 40.036 82.165 64.329 14.683 67.051 18.003 39.997 33.087 4.348 11.132 21.009 82.707 31.055 78.134 68.623 41.233 28.777 36.152 31.786 57.708 24.360 40.772 2.615 66.050 74.307 44.819 96.731 78.581 39.127 65.067 
47.821 79.163 47.231 12.150 93.847 14.282 30.152 33.843 47.369 34.501 44.975 68.378 17.208 76.030 46.512 85.831 17.263 75.289 21.983 49.049 32.997 46.343 89.821 35.612 12.394 64.128 80.431 9.124 42.708 19.558 74.191 90.529 98.722 21.422 2.679 92.568 35.704 32.832 26.412 83.073 67.333 71.387 51.450 84.541 47.417 97.962 70.372 64.679 
73.252 92.355 13.728 6.249 38.699 3.549 41.861 51.092 67.677 22.292 60.216 10.385 41.850 34.407 0.914 40.571 55.829 3.594 33.140 91.533 36.425 59.551 74.605 3.758 30.938 26.056 88.299 78.355 24.018 58.671 43.034 97.270 51.026 56.762 3.518 89.724 60.311 45.379 40.817 27.988 67.671 1.033 38.373 9.520 35.440 39.287 50.092 91.269 
42.881 83.231 82.802 79.306 42.783 57.407 83.064 73.721 83.463 71.363 52.076 7.481 30.033 95.109 4.750 81.059 51.872 8.269 70.784 12.183 53.648 11.600 40.170 21.318 12.633 78.543 30.839 48.074 17.830 80.931 39.343 60.711 64.162 22.145 40.017 6.945 79.552 23.081 80.666 63.015 94.444 32.741 70.496 24.477 27.851 75.246 5.537 79.722 
83.514 76.320 91.905 37.162 87.921 32.075 58.480 0.554 10.618 89.319 48.628 28.448 70.250 87.970 89.159 34.412 10.115 29.176 41.356 89.667 52.256 22.022 52.682 46.700 54.763 23.177 71.177 82.614 98.423 76.714 62.336 81.938 53.034 54.241 19.100 40.955 86.316 77.580 41.509 96.934 66.899 90.136 25.382 37.149 78.106 14.541 71.560 88.222 
43.717 12.917 77.889 95.973 34.939 30.570 42.673 89.702 53.748 13.851 72.315 52.171 90.565 34.651 34.109 43.599 88.892 53.208 84.553 75.207 30.788 26.062 72.141 97.687 16.198 97.524 34.836 94.304 12.065 6.396 82.526 55.781 19.313 60.415 51.755 54.251 90.985 94.428 43.953 44.733 8.279 16.268 96.904 98.843 50.919 31.013 42.442 39.811 
100
84.221 26.995 15.018 15.009 53.057 87.159 12.696 69.254 84.683 47.531 63.559 96.748 53.927 46.085 52.529 73.240 6.499 4.284 27.491 97.485 98.712 71.444 42.218 6.991 87.712 39.122 5.834 38.631 70.134 48.275 78.442 54.355 75.270 93.460 69.364 28.327 80.619 82.060 97.581 65.302 29.591 61.140 62.050 83.518 7.225 14.580 56.758 13.724  5
18.864 84.249 11.209 17.576 55.692 53.426 24.566 43.404 92.548 30.400 82.035 62.682 78.675 60.477 17.037 53.945 53.936 86.401 82.271 34.555 68.461 79.852 99.857 98.052 40.992 61.907 81.570 48.217 76.487 38.327 61.941 95.350 22.576 73.150 12.926 78.268 26.577 37.492 21.673 19.124 67.892 3.708 81.807 46.566 64.185 98.844 0.511 18.121  5
85.245 82.783 52.676 53.706 62.635 52.534 51.758 3.627 14.441 33.327 51.844 90.928 71.654 13.786 86.278 94.230 86.936 99.204 72.498 13.512 36.697 94.171 32.637 4.588 97.879 14.444 51.155 62.064 13.288 51.666 80.185 98.533 34.449 32.861 52.239 97.084 85.395 3.997 0.711 99.836 37.324 52.555 90.764 8.978 66.341 77.042 3.209 53.277  5
76.246 75.707 66.789 12.943 69.878 99.426 17.531 67.757 13.870 68.686 29.821 27.157 20.352 10.005 25.690 54.801 42.866 77.929 51.884 28.260 81.926 52.595 28.096 19.250 5.151 18.860 28.228 71.492 95.901 31.437 24.769 72.148 7.144 91.558 85.091 77.022 90.984 2.622 44.779 4.854 71.309 74.600 32.011 91.661 84.605 57.701 46.462 27.471  5
35.631 98.346 55.731 17.557 50.942 83.827 36.807 56.092 2.687 65.035 27.584 98.588 96.472 52.353 70.736 3.616 43.911 55.827 80.638 34.895 58.450 25.417 39.749 29.758 0.017 71.760 21.419 84.622 29.461 67.880 12.092 65.091 66.227 67.823 82.648 17.168 51.650 19.454 73.261 54.337 84.489 0.845 52.925 80.961 53.198 23.661 84.577 97.109  5
79.488 65.216 32.004 37.938 90.633 71.753 67.696 90.650 43.512 89.115 75.271 72.973 56.995 87.363 38.064 23.222 55.187 20.712 40.390 6.837 40.167 13.651 61.174 24.656 14.495 14.100 5.618 67.693 37.761 90.195 64.802 17.249 55.410 96.806 55.187 46.043 68.559 22.884 36.693 12.071 11.999 11.964 85.044 68.994 99.327 23.108 92.216 54.514  5
43.821 32.606 61.351 83.987 46.257 22.526 8.644 60.752 36.625 14.261 28.445 74.386 4.456 93.247 91.635 59.867 90.054 46.823 5.910 58.612 69.706 42.603 70.683 81.705 54.567 55.727 50.699 53.894 78.836 42.915 8.408 22.656 75.521 69.759 6.644 21.777 92.285 15.287 82.529 28.910 29.548 10.975 3.296 34.004 4.222 94.931 93.871 94.276  5
41.754 99.781 52.888 11.461 42.383 23.571 93.166 96.950 79.299 43.865 50.844 58.134 86.779 59.252 80.791 62.300 29.011 87.434 84.078 21.295 2.721 66.607 50.205 32.270 77.581 53.501 66.274 81.803 48.433 60.145 76.079 90.187 59.926 28.967 1.648 2.309 52.538 94.814 99.259 31.837 38.678 50.103 89.971 25.458 9.354 70.762 87.758 38.365  5
58.196 71.836 59.660 60.917 38.442 9.866 93.187 16.024 63.367 59.461 97.827 11.800 19.606 73.906 1.987 79.532 2.873 3.634 81.841 55.412 98.448 81.100 87.249 37.126 31.203 77.220 62.584 40.557 47.982 50.342 78.922 6.178 22.177 38.582 67.095 60.620 48.448 60.282 76.643 11.815 19.743 74.471 23.615 39.350 48.377 25.602 18.882 51.251  5
29.236 0.723 6.663 27.684 81.823 93.911 64.810 13.025 71.131 27.394 53.582 19.113 77.735 32.504 25.290 99.913 71.086 92.385 60.532 19.534 52.668 37.176 31.350 72.411 11.647 54.964 11.761 60.024 80.566 30.642 11.275 9.802 31.365 17.937 37.486 13.188 11.848 2.296 26.213 82.979 29.689 79.795 2.092 7.425 12.299 27.382 7.337 83.386  5
19.768 67.870 2.920 72.436 5.045 34.270 44.847 16.692 89.234 56.607 76.716 69.800 87.250 87.990 79.602 18.614 5.927 17.088 31.802 17.776 19.383 58.015 0.755 49.072 37.810 2.847 56.497 50.109 30.230 63.834 33.495 49.998 31.704 36.414 22.433 36.749 70.684 67.280 53.441 59.918 23.887 30.157 29.718 11.137 18.147 9.320 29.751 24.075  5
26.408 61.553 41.850 45.791 19.568 42.606 94.864 57.377 45.453 51.361 7.486 75.682 15.195 40.981 25.680 46.899 77.395 48.113 83.649 48.080 15.393 37.090 7.998 39.280 67.247 37.716 50.416 85.395 47.036 80.167 9.469 73.444 41.720 51.320 19.236 61.287 93.925 14.099 18.665 39.378 65.460 26.151 15.060 80.655 67.132 40.740 27.554 44.528  5
88.853 11.203 92.607 4.246 48.293 0.605 43.525 15.540 38.321 93.941 0.935 85.357 74.108 10.404 58.802 15.828 61.724 78.037 77.116 55.650 92.136 95.781 95.028 57.596 21.932 10.088 38.251 89.064 50.828 65.806 33.591 39.681 77.009 26.198 43.927 25.302 26.803 87.452 40.843 65.124 81.393 41.778 50.481 55.502 52.182 9.283 71.330 13.906  5
87.320 48.446 69.556 79.457 44.226 64.584 37.053 66.158 74.672 75.304 55.222 25.500 41.110 88.813 65.181 18.119 15.012 9.108 43.421 41.815 96.560 84.264 6.939 77.953 26.042 57.421 33.455 78.224 66.704 4.785 92.130 54.024 53.231 61.686 33.481 97.457 26.270 70.534 63.615 0.941 45.838 18.837 26.441 86.949 7.650 91.622 5.068 22.662  5
0.730 48.489 64.477 97.290 32.753 71.417 75.243 58.795 28.837 8.698 37.018 95.541 13.483 29.148 49.565 66.714 90.834 83.046 64.171 17.104 53.580 27.786 18.045 99.419 46.623 44.486 86.367 54.273 36.108 91.435 76.935 36.838 39.924 41.413 34.128 72.677 12.829 9.370 31.471 41.667 18.068 68.490 37.208 31.551 97.638 86.773 98.265 88.472  5
69.820 62.435 5.576 23.400 90.221 23.621 22.819 36.844 68.107 9.186 91.117 4.215 0.621 68.053 41.053 40.544 9.465 75.181 13.221 22.295 84.551 44.693 63.961 2.619 13.182 1.169 34.170 10.820 87.943 32.435 99.292 57.762 94.870 4.868 81.163 85.091 28.489 3.981 21.935 96.595 13.167 13.052 0.810 13.788 81.105 41.863 54.332 90.570  5
17.044 67.553 12.865 1.595 12.246 76.826 4.215 25.429 77.996 38.385 36.249 65.938 70.820 35.541 23.701 65.690 40.409 4.863 50.781 68.898 8.845 72.716 65.494 22.012 85.769 66.304 35.800 66.873 8.167 90.132 57.443 25.212 57.685 70.308 26.807 69.931 47.135 31.022 95.360 25.130 69.407 31.609 91.069 40.228 67.151 14.769 5.918 7.560  5
19.633 56.699 76.458 28.478 29.416 41.952 50.489 15.184 8.256 86.289 82.058 16.423 76.421 39.501 41.635 34.106 9.809 68.442 4.037 56.944 99.464 99.397 82.074 68.871 31.007 73.142 9.099 98.157 87.912 15.017 5.717 7.545 71.716 82.176 36.022 1.132 24.127 86.512 16.317 32.383 72.801 98.374 48.807 49.222 37.875 90.441 83.327 47.684  5
58.883 87.365 4.628 58.347 86.762 86.702 27.218 17.769 59.844 36.317 15.926 47.756 51.334 21.643 55.301 23.050 3.819 91.324 24.183 27.946 77.835 40.499 60.330 50.636 38.874 9.136 99.858 76.749 99.578 83.185 24.433 58.461 70.550 29.061 16.808 57.312 15.763 44.027 75.081 75.608 80.344 91.007 23.364 31.678 12.650 78.665 54.729 16.469  5
69.989 78.911 44.416 47.824 19.411 4.746 98.460 58.284 13.882 98.318 35.033 13.460 81.504 59.466 71.921 52.054 88.528 88.729 9.366 4.291 32.756 84.447 79.899 13.100 75.454 3.262 44.778 88.104 81.927 99.507 4.574 51.916 78.418 48.990 99.740 97.828 53.735 98.200 56.113 67.617 96.519 91.146 81.077 78.022 50.612 52.997 30.076 39.140  5
41.726 39.442 43.430 74.482 23.888 23.329 87.582 99.342 26.591 32.359 87.447 8.519 31.866 92.021 60.435 10.284 41.010 60.175 8.112 94.745 58.375 64.225 62.362 54.894 55.370 43.439 32.916 5.982 96.436 62.992 45.122 38.162 2.433 88.552 12.644 26.322 11.881 0.225 25.664 38.473 32.585 13.111 46.992 64.451 5.131 7.427 74.734 46.141  5
67.601 82.847 40.886 25.977 47.071 3.248 80.870 2.442 46.687 13.786 8.424 43.123 76.778 53.546 81.285 79.211 42.099 93.929 5.532 53.980 94.154 31.196 92.453 26.739 44.307 39.444 91.190 49.438 46.871 65.924 95.579 14.472 48.771 36.466 40.449 95.842 39.714 21.319 98.284 86.401 35.105 6.708 29.524 11.883 60.255 10.809 91.094 2.353  5
4.738 96.626 56.333 98.892 27.822 48.786 25.631 72.129 88.230 16.820 21.567 35.101 82.744 17.146 49.573 31.515 53.612 90.022 27.357 93.326 11.341 25.641 79.727 46.446 32.350 9.251 58.329 92.604 20.060 49.423 94.957 24.798 46.048 51.290 23.689 73.870 0.076 49.320 45.999 88.306 66.140 67.566 23.407 48.884 84.712 72.980 80.399 38.324  5
63.002 7.757 31.649 74.343 33.398 11.376 20.789 65.748 20.627 79.118 58.352 40.687 28.541 53.310 65.485 74.589 4.600 89.174 48.459 4.676 38.494 94.458 92.982 4.635 62.024 16.389 53.519 46.736 89.369 33.919 85.060 52.371 41.675 16.709 26.713 75.073 28.085 47.502 40.821 48.713 26.620 99.173 89.400 55.161 52.483 54.885 29.750 57.083  5
44.059 78.209 61.759 82.554 72.668 54.741 87.188 34.692 71.130 40.707 81.428 60.499 74.626 66.488 12.870 16.301 83.197 39.583 91.374 11.283 87.085 32.195 59.995 13.706 31.368 49.395 68.867 83.851 4.280 98.617 40.934 48.340 76.826 2.693 30.893 49.494 57.435 18.082 84.186 28.565 58.789 65.614 89.064 33.415 32.102 1.934 49.716 15.299  5
41.517 41.091 26.581 28.602 73.286 86.577 42.307 4.655 35.972 11.174 88.506 40.252 9.791 29.440 88.592 86.617 32.134 19.485 36.110 89.568 37.567 20.296 18.133 96.357 85.910 7.197 29.772 18.012 9.131 79.488 33.311 50.647 20.579 59.892 79.249 93.865 46.469 21.557 98.520 82.441 32.730 87.026 22.693 42.521 16.466 11.285 29.138 48.599  5
30.771 65.248 38.168 68.338 85.544 56.301 64.695 71.454 63.498 94.467 89.466 72.629 73.955 22.776 23.277 94.534 82.668 2.526 88.400 29.137 24.082 86.920 11.578 56.813 73.945 34.271 99.334 90.411 45.557 28.472 39.010 76.328 93.720 77.178 44.666 79.265 33.479 9.361 50.719 96.977 3.827 40.185 69.606 77.783 62.961 92.883 72.317 45.629  5
95.409 60.717 74.766 19.491 47.636 86.344 76.304 21.582 20.616 75.638 11.993 66.172 4.110 51.003 42.500 97.830 28.181 87.166 77.095 61.660 96.526 27.814 58.637 0.354 67.998 28.243 78.136 30.959 21.126 50.453 76.589 16.535 11.170 51.355 36.027 58.807 37.700 12.331 80.388 58.316 87.969 92.381 24.488 92.080 43.384 66.988 89.910 71.565  5
54.154 67.005 33.225 50.680 94.819 91.862 51.034 62.817 20.105 29.170 93.776 41.231 79.624 70.365 57.767 90.794 21.721 93.794 49.600 59.420 6.125 29.989 17.736 94.094 22.369 42.224 86.174 65.753 9.212 76.084 37.318 63.366 43.089 70.542 14.046 37.907 62.404 65.080 0.724 82.509 94.250 94.501 23.741 73.873 64.866 81.507 64.667 86.587  5
75.301 14.268 46.007 81.426 44.256 63.743 75.520 66.625 5.967 61.694 32.379 15.179 37.777 69.696 78.544 80.866 40.239 92.590 18.773 2.643 57.669 19.497 85.152 51.919 13.998 8.893 25.793 78.864 90.400 90.460 65.450 65.701 4.727 11.457 47.127 48.984 75.200 22.647 15.609 81.167 84.341 47.988 96.345 22.118 17.684 74.890 2.984 57.923  5
67.479 21.757 60.566 25.149 41.254 45.718 77.068 55.252 54.611 2.860 34.116 45.011 93.320 99.566 10.712 98.048 11.023 57.839 47.031 86.223 80.486 62.640 67.390 64.827 10.628 63.736 86.945 28.312 38.625 89.930 86.235 6.105 11.687 46.801 31.253 52.941 92.519 8.321 8.193 47.129 11.182 42.309 92.140 4.502 41.875 2.852 2.550 52.898  5
60.691 49.581 39.122 41.177 12.221 6.512 6.005 22.849 70.248 92.950 51.161 8.873 82.880 37.396 14.977 94.566 84.197 46.231 47.507 76.716 54.552 55.700 23.845 65.733 98.009 15.984 70.235 39.884 18.836 72.785 92.782 79.527 22.366 31.904 20.704 34.587 38.416 26.709 57.436 8.663 19.659 8.597 17.536 2.539 45.994 32.513 97.105 30.191  5
78.744 44.612 6.906 33.296 0.312 30.751 99.029 98.321 46.735 69.264 38.204 65.571 42.049 30.986 45.098 64.414 62.890 65.802 99.001 1.305 92.511 56.437 9.968 12.171 65.035 27.504 14.709 11.028 60.018 11.814 41.219 38.761 56.427 48.125 72.057 56.738 78.876 71.086 55.059 25.611 40.350 93.263 91.182 82.399 24.249 36.280 46.813 87.139  5
2.082 45.814 88.444 94.594 2.252 98.412 6.764 67.286 25.916 21.474 78.315 85.934 33.288 19.534 24.695 89.715 67.659 96.752 46.453 46.534 67.838 1.512 72.145 8.188 94.775 63.327 90.586 19.024 99.607 37.399 6.163 1.689 83.213 94.607 96.283 85.465 93.019 3.048 52.752 18.935 24.521 31.066 4.869 57.810 50.600 29.564 47.524 18.259  5
26.316 93.978 64.793 94.154 95.490 36.938 2.342 90.265 0.265 92.928 9.290 99.872 30.327 15.453 1.562 13.540 10.060 97.845 99.006 3.079 0.892 51.757 22.014 25.414 82.824 26.883 83.223 33.424 56.448 30.748 51.683 82.764 24.726 16.476 76.918 20.215 53.414 79.260 10.481 53.680 72.188 19.771 53.552 2.515 35.224 55.114 16.055 45.283  5
52.959 15.061 48.362 53.851 66.818 70.376 79.265 49.641 97.260 62.488 83.065 53.707 93.236 34.747 36.471 17.962 51.223 13.390 38.177 4.637 92.649 48.658 58.317 64.837 68.429 11.869 67.352 3.652 66.983 83.407 48.936 19.941 98.467 97.298 73.792 65.285 67.674 53.057 14.926 64.934 15.545 97.991 18.641 8.781 32.738 55.112 26.743 83.962  5
68.502 64.920 88.599 61.151 13.578 46.916 25.988 82.007 58.785 93.340 85.659 25.767 76.747 34.595 45.708 75.214 31.893 19.500 40.499 99.567 72.557 55.425 64.501 88.102 53.416 83.142 96.884 86.155 38.254 23.627 70.116 6.756 88.547 58.715 67.907 2.125 5.631 93.896 84.132 64.416 87.236 69.791 90.183 63.983 4.386 35.891 39.197 36.279  5
55.391 79.696 35.846 27.949 35.121 0.346 16.051 88.537 83.488 12.935 74.692 21.742 36.562 44.808 28.498 25.109 3.523 96.406 27.234 9.154 90.301 11.367 73.570 77.537 81.158 63.753 41.520 85.544 99.644 80.716 21.823 55.035 60.412 57.669 82.984 95.533 58.016 99.035 84.070 41.504 11.970 58.762 63.246 48.532 3.570 91.744 73.641 7.093  5
88.150 0.875 16.248 78.451 12.241 89.818 55.988 93.399 53.570 97.508 78.944 53.214 78.224 0.767 8.249 38.636 58.436 91.233 34.169 16.452 90.268 18.239 57.956 2.238 77.001 21.202 50.769 80.571 12.946 24.410 87.664 1.096 25.285 3.912 79.547 37.526 93.730 35.536 30.925 47.300 33.044 9.869 0.514 11.268 10.636 8.763 49.904 69.072  5
99.996 84.073 85.523 90.264 2.312 43.479 92.501 79.313 64.681 43.270 59.884 77.627 67.680 47.548 78.722 92.965 51.460 58.270 30.491 45.190 93.805 61.416 92.490 26.849 71.285 93.005 38.116 81.921 1.768 88.020 50.992 1.764 72.093 36.516 92.027 74.405 79.995 84.528 53.718 44.675 27.799 13.602 22.302 95.479 61.150 1.024 88.444 12.611  5
59.294 18.935 57.801 53.099 80.351 50.291 79.948 51.636 43.296 18.064 33.556 45.064 6.084 84.549 46.827 78.178 21.065 38.854 52.583 1.059 23.383 6.301 45.735 51.181 19.903 68.037 46.660 81.053 69.061 35.104 93.663 28.355 54.039 51.464 81.454 34.390 1.756 61.401 86.026 45.052 79.465 19.583 90.115 85.550 4.132 36.943 63.727 25.196  5
75.797 16.310 26.256 99.179 22.611 71.991 50.361 42.514 40.027 97.021 23.566 9.088 32.125 17.230 37.443 86.165 68.694 18.897 20.555 70.450 80.298 6.582 15.501 59.764 26.164 5.617 45.313 30.296 42.559 9.040 55.492 18.356 25.351 81.748 17.536 47.962 53.739 67.896 90.475 93.766 64.917 14.042 2.854 97.043 31.271 40.297 83.208 99.965  5
59.194 3.763 70.415 39.492 10.344 85.916 99.256 36.509 91.533 44.569 66.805 34.092 53.609 22.297 52.448 78.960 4.045 69.984 26.922 57.784 37.880 17.397 51.550 2.797 31.438 54.404 99.840 62.710 94.701 83.047 62.675 53.895 86.810 33.090 93.387 97.155 19.006 92.643 33.663 10.539 37.212 0.468 44.631 90.821 22.765 97.079 69.781 26.810  5
67.063 96.703 84.594 4.943 14.100 36.144 7.740 45.538 90.547 7.580 8.248 85.248 90.628 70.923 39.143 77.438 4.012 32.531 74.592 23.018 25.174 8.256 33.556 62.385 8.724 78.187 53.207 31.489 75.266 22.988 58.299 42.329 19.691 42.893 47.272 33.791 79.036 55.012 79.329 69.584 62.593 87.577 54.832 53.220 58.500 93.975 30.658 62.512  5
26.506 5.250 85.530 51.679 13.506 19.086 14.065 22.230 97.273 67.271 53.719 72.540 90.260 12.018 14.869 9.951 54.910 62.141 43.742 33.947 17.153 23.071 3.531 79.746 10.648 58.362 32.966 69.148 52.338 63.624 31.660 78.843 68.874 17.190 30.523 82.380 36.276 44.587 4.610 33.549 11.859 58.329 6.089 2.118 70.346 20.958 12.069 25.257  5
83.099 55.811 59.204 0.252 78.882 62.734 79.998 89.531 21.096 12.964 58.679 73.434 76.588 90.339 52.277 45.463 7.529 82.800 27.843 43.805 27.387 32.453 77.354 39.246 90.782 83.443 41.364 61.128 4.401 53.433 86.385 87.500 9.244 45.588 87.752 88.127 8.322 67.750 77.657 29.419 80.714 36.336 2.853 57.303 26.675 55.130 2.765 34.204  5
37.930 30.608 78.008 65.318 63.061 55.362 4.563 53.843 38.805 45.928 14.971 43.206 99.361 1.356 30.706 8.605 46.944 18.458 96.732 55.267 86.208 74.389 84.685 66.923 10.725 87.538 24.225 37.400 42.669 26.991 71.604 80.599 57.599 49.612 45.917 20.660 4.974 50.480 74.503 43.779 96.408 89.474 86.985 95.769 90.830 17.691 4.374 37.774  5
36.150 1.106 93.041 22.358 75.495 77.726 89.281 86.220 65.265 13.506 23.620 7.933 40.497 95.224 88.533 98.096 44.835 34.449 18.756 49.809 84.930 93.259 93.588 81.338 82.733 80.574 77.106 73.563 98.265 81.480 11.338 34.415 82.586 4.379 56.773 58.081 82.105 46.053 44.302 47.369 59.560 67.922 55.303 0.056 63.145 43.835 98.152 7.981  5
78.285 16.907 57.790 63.214 10.166 51.378 44.552 92.899 31.952 21.658 66.462 30.217 3.139 77.800 64.632 85.725 82.178 21.405 43.807 64.283 67.458 88.108 11.653 27.018 56.030 66.955 27.074 19.175 10.791 25.226 27.156 89.076 42.133 84.946 52.290 52.299 36.324 96.842 45.198 68.276 18.500 11.660 98.494 21.639 89.460 63.126 7.364 71.638  5
84.531 51.171 35.922 51.989 39.279 47.574 79.007 95.309 14.530 6.081 14.484 25.320 31.306 41.640 14.396 73.440 26.586 66.686 25.739 62.910 63.528 70.937 31.186 82.028 82.597 29.679 3.667 72.057 92.805 11.031 43.696 77.336 62.202 79.617 29.325 1.481 27.191 8.331 96.790 41.721 14.412 11.274 67.041 45.718 52.914 81.437 19.158 79.500  5
48.123 44.897 42.409 11.651 15.834 73.595 93.678 98.431 3.275 97.345 70.488 96.080 8.376 14.184 73.416 70.579 93.801 2.740 72.060 20.992 11.072 68.850 62.713 25.484 80.124 29.754 71.202 33.038 11.192 90.360 12.538 59.315 35.257 54.947 70.965 51.091 28.543 64.644 49.522 31.817 61.989 20.010 27.897 70.365 34.193 1.313 40.944 27.994  5
4.053 13.004 48.987 15.125 81.854 11.700 40.609 61.978 41.454 11.811 95.017 52.646 2.172 7.555 11.961 37.429 62.502 82.926 88.520 91.045 47.569 38.041 22.862 9.558 58.051 50.759 79.924 92.244 52.072 20.868 20.239 56.125 33.872 69.225 71.251 15.726 80.925 11.859 77.704 22.380 23.671 72.721 75.025 25.842 80.276 86.986 63.271 42.778  5
69.912 51.791 33.823 17.481 89.832 56.685 27.040 47.883 7.445 6.963 40.127 59.517 27.831 60.366 15.642 61.703 29.592 86.893 77.428 10.517 98.752 55.132 32.897 22.423 27.853 7.922 48.265 8.129 94.908 11.537 50.907 64.820 63.327 84.730 82.301 53.159 41.415 9.341 1.042 48.859 16.304 41.170 8.376 44.135 1.536 24.018 5.837 31.128  5
10.911 83.265 41.645 9.663 38.398 74.542 32.086 66.251 82.464 80.352 74.379 77.372 91.888 25.286 42.192 55.216 10.015 24.493 8.375 51.430 33.833 9.418 0.289 50.137 50.588 8.665 94.272 52.124 32.683 0.109 83.252 43.595 83.375 24.897 53.258 21.772 99.438 85.344 88.023 81.902 65.696 62.402 59.274 57.585 87.688 1.465 12.800 97.703  5
25.958 21.176 49.133 59.792 30.594 49.422 9.929 81.181 58.087 4.201 33.305 90.771 4.310 16.557 34.365 87.684 41.453 87.623 9.457 40.892 72.968 97.479 22.794 38.664 59.881 82.067 96.248 47.569 83.533 9.049 45.272 9.491 30.225 94.405 69.282 60.818 43.827 79.211 42.000 1.915 83.412 75.305 92.686 87.721 91.862 27.051 75.406 33.315  5
14.674 84.862 74.207 87.642 82.342 97.000 26.306 42.223 79.068 22.554 89.792 62.600 31.603 35.064 72.091 61.828 29.469 41.373 22.647 73.297 20.584 64.646 75.211 3.995 39.951 67.897 91.717 31.813 94.948 67.123 65.128 9.623 51.985 39.335 97.265 34.327 36.335 23.571 76.550 15.403 46.125 66.342 78.003 77.728 1.406 50.094 39.557 30.875  5
91.467 62.203 4.172 12.051 26.850 79.383 16.046 66.801 47.281 7.763 98.613 42.229 74.886 63.741 51.851 26.871 3.076 49.116 61.197 39.411 72.686 37.747 54.814 18.812 4.089 32.817 96.540 5.495 82.911 36.097 36.370 74.378 98.300 40.542 86.429 25.149 19.926 2.476 91.950 67.206 10.239 90.563 9.435 85.125 54.305 61.286 11.995 57.381  5
10.402 73.192 96.792 83.089 10.939 51.607 1.900 15.028 84.424 98.440 20.523 67.335 34.537 56.894 41.714 32.837 97.436 28.143 57.986 17.362 30.619 49.936 84.568 40.858 40.499 94.003 25.982 94.804 55.289 37.977 52.185 65.691 11.170 48.978 48.780 22.109 0.584 50.680 37.138 85.008 49.120 57.661 52.344 83.657 14.555 94.057 16.494 11.991  5
22.200 74.480 29.353 52.819 24.416 13.921 93.677 64.915 7.924 19.659 59.720 63.213 57.636 11.905 28.905 68.806 60.882 77.685 90.915 61.467 28.365 28.053 46.475 77.485 85.714 98.818 61.142 0.269 92.875 77.636 12.259 15.076 52.116 41.612 67.895 76.532 55.533 61.571 41.447 63.456 81.230 1.166 26.669 38.866 13.071 55.574 7.672 73.954  5
33.259 98.587 35.420 61.624 26.640 81.895 39.109 12.353 80.713 0.251 12.622 73.588 77.888 24.881 88.664 30.003 66.493 56.559 6.535 22.026 18.130 47.982 85.482 99.360 49.149 12.151 38.226 62.220 67.725 45.898 36.173 0.984 44.485 71.594 62.608 71.124 53.488 1.716 83.478 34.201 1.968 96.100 7.790 79.855 20.981 96.454 9.859 87.474  5
53.013 16.394 9.499 71.143 64.376 94.981 70.503 13.525 7.132 8.730 75.745 74.858 54.628 11.918 75.842 99.113 83.512 38.449 70.237 37.000 40.166 53.715 71.201 42.133 49.814 78.991 21.988 70.795 75.445 31.847 58.269 28.458 48.241 67.768 99.601 12.617 62.749 70.105 26.142 69.881 78.835 1.887 44.739 33.462 13.805 20.581 32.575 97.317  5
59.030 2.812 34.317 99.196 56.527 5.519 41.329 6.341 84.510 63.317 77.137 59.955 95.164 35.405 88.414 43.406 3.173 88.015 56.023 65.922 58.120 82.165 35.803 36.954 84.052 80.542 70.417 97.858 1.123 2.992 95.175 60.153 5.804 29.492 59.349 62.331 35.011 0.677 68.673 19.521 63.995 45.809 79.477 59.159 81.214 67.891 2.565 84.387  5
55.906 58.588 50.309 14.026 40.753 86.113 50.980 24.806 66.655 21.397 22.664 67.778 24.389 17.839 27.931 30.193 47.331 87.280 92.524 82.342 87.958 61.196 1.864 51.952 7.005 81.341 11.111 88.219 49.231 13.676 72.607 5.137 72.264 22.916 19.162 13.018 9.028 70.142 37.823 75.684 91.539 60.487 43.462 15.928 78.325 71.393 46.120 25.656  5
58.673 38.644 7.999 46.631 99.840 9.862 98.583 6.846 91.203 9.695 95.065 40.434 23.371 67.672 45.571 95.635 90.588 64.733 8.653 99.616 34.875 46.476 75.300 26.414 6.963 18.761 42.342 85.288 90.155 88.462 10.944 48.828 27.106 18.943 95.459 26.947 28.805 94.042 33.792 20.008 3.737 28.857 60.442 27.108 96.529 6.013 22.743 87.116  5
70.746 31.396 86.732 5.621 77.872 62.032 32.035 84.835 80.793 74.377 70.123 70.948 62.839 81.067 19.776 89.945 0.010 15.235 16.892 28.815 9.278 50.684 48.823 13.015 79.541 9.265 40.123 76.070 15.278 62.866 63.186 86.024 94.263 49.918 91.644 72.135 11.950 23.679 56.970 92.744 98.056 27.093 63.692 60.895 8.160 83.468 50.840 8.170  5
98.703 67.732 36.985 7.981 18.416 85.808 20.996 97.957 95.074 61.119 74.027 10.352 23.985 37.213 96.375 18.248 87.131 88.019 90.382 99.082 11.698 47.352 91.825 9.754 74.445 55.517 70.649 82.605 38.985 21.489 90.775 37.688 89.220 27.760 45.669 7.636 13.569 66.664 5.593 8.643 27.783 79.620 18.994 51.768 16.832 15.369 70.015 3.964  5
3.388 60.398 3.045 15.087 7.750 94.871 24.841 82.195 50.388 95.490 64.800 89.373 16.978 55.576 27.061 6.199 83.336 72.730 13.835 96.905 39.394 19.428 5.548 67.177 99.047 24.542 18.945 15.880 39.911 88.961 19.843 43.299 49.358 22.889 58.386 57.109 17.760 83.227 39.304 68.147 78.716 4.104 57.520 95.695 59.680 84.581 1.893 43.016  5
57.311 15.728 39.921 96.705 35.155 45.468 63.883 34.202 70.010 82.828 50.082 9.921 71.789 69.925 53.220 21.147 92.814 11.606 78.256 10.574 94.833 17.559 78.721 73.549 21.663 36.241 69.244 81.343 20.823 71.137 24.359 78.134 86.865 64.279 74.839 22.020 9.748 38.722 56.222 79.758 21.550 6.304 89.679 93.339 76.229 42.899 14.486 69.043  5
54.505 92.742 79.617 49.338 10.301 58.338 22.887 31.964 94.579 92.131 13.308 15.402 63.268 37.666 93.536 50.132 1.946 68.375 72.152 11.694 7.097 28.374 91.451 28.647 34.678 81.130 21.986 10.907 24.028 36.472 79.951 78.533 29.213 59.567 27.871 39.514 17.905 50.758 71.479 12.484 42.889 84.786 27.886 6.156 22.453 21.421 56.289 24.398  5
89.796 28.441 36.092 96.893 56.815 27.543 25.540 91.494 8.673 47.526 2.401 32.701 83.997 82.352 11.234 13.211 41.919 39.105 52.725 59.824 89.863 24.204 72.308 32.752 8.990 0.193 38.908 31.443 21.615 95.197 55.841 11.411 23.638 91.933 8.304 80.453 19.476 33.844 71.947 28.149 81.369 74.348 60.851 65.367 56.699 72.085 78.577 98.618  5
11.190 31.303 58.441 1.053 55.507 30.749 33.805 64.497 30.942 72.713 95.940 52.557 67.910 51.781 63.967 91.547 43.714 72.271 72.000 63.190 6.115 43.947 91.340 87.484 18.294 52.190 52.851 74.993 24.275 31.428 73.611 35.465 62.731 32.053 36.519 18.237 62.802 70.323 82.734 93.744 43.036 78.674 46.301 10.946 30.454 10.268 2.493 74.169  5
82.539 74.493 37.359 88.654 18.440 28.698 76.138 36.734 80.889 28.988 11.728 5.164 60.417 85.339 40.629 23.147 17.392 77.148 41.384 80.194 47.471 24.118 73.938 90.507 2.792 20.239 1.453 33.246 30.507 3.946 7.415 13.046 78.439 44.774 1.700 96.879 73.472 77.838 33.613 54.361 6.827 45.341 59.524 67.243 30.680 0.153 90.391 48.072  5
77.301 31.775 28.265 24.772 55.893 2.203 15.279 58.685 22.441 16.732 91.932 52.949 20.678 99.347 65.995 99.117 44.120 67.696 95.996 17.592 45.534 29.609 71.953 52.361 74.950 31.477 19.604 5.630 31.631 9.995 53.701 8.932 41.770 81.966 33.704 97.663 84.169 48.983 56.348 6.611 65.716 48.280 59.559 86.394 47.626 25.554 85.511 91.747  5
93.250 81.507 9.339 38.784 11.117 81.292 91.145 86.067 12.770 10.749 91.696 44.400 20.743 45.398 53.332 62.513 27.364 87.036 60.176 11.533 36.020 16.524 18.144 1.735 64.804 77.704 88.129 12.430 3.258 73.640 4.177 96.508 55.148 13.516 35.292 66.264 94.808 26.436 52.331 7.577 37.185 44.027 51.978 57.928 89.425 5.310 20.441 16.789  5
92.346 80.617 28.323 28.366 97.141 46.467 30.101 61.945 24.171 18.231 74.375 27.429 91.871 78.552 23.936 47.019 92.067 59.228 13.283 86.875 85.664 65.614 94.452 22.849 9.641 46.430 80.777 99.067 51.740 1.218 15.856 44.086 81.835 44.178 72.452 78.977 90.645 2.553 40.921 14.816 20.784 15.296 42.244 12.655 93.848 66.181 59.674 85.915  5
25.409 72.957 72.790 11.073 38.571 67.242 33.922 48.212 13.672 14.700 47.279 65.411 15.918 63.135 9.497 97.754 7.313 81.949 76.730 97.958 84.502 17.652 12.774 5.285 32.948 55.019 17.940 26.796 21.199 77.613 12.711 46.608 50.570 85.500 57.682 89.141 52.742 91.604 37.354 66.414 6.304 84.632 31.825 22.222 47.767 41.322 19.975 55.080  5
23.271 96.705 53.038 7.772 14.357 65.813 13.058 47.305 20.831 30.998 74.101 42.031 8.611 86.811 88.639 59.181 72.312 46.321 48.322 25.054 37.925 85.676 91.468 44.228 70.308 23.293 66.450 18.075 64.615 86.425 73.155 87.886 83.131 26.194 95.659 97.488 92.007 8.716 44.792 12.838 39.714 18.893 54.869 48.325 5.704 43.508 7.506 78.016  5
89.829 55.828 3.070 27.754 41.504 94.538 71.982 11.812 17.831 38.432 29.887 82.446 24.857 3.043 70.333 7.987 29.237 65.991 5.475 21.244 74.708 50.267 34.082 14.422 69.160 88.951 62.747 74.864 32.459 70.253 52.880 22.288 26.081 55.950 50.042 67.585 50.487 22.023 79.397 68.319 60.455 9.284 50.765 85.312 12.327 21.098 93.299 41.564  5
87.089 98.774 62.808 61.797 49.041 96.889 76.219 18.201 85.840 38.965 93.065 18.299 9.218 45.945 40.587 35.299 1.894 90.629 2.883 52.382 12.652 82.280 20.700 73.107 91.565 71.465 58.419 3.892 92.563 51.718 45.456 79.652 50.492 8.263 41.449 99.532 5.153 17.668 17.733 90.993 56.633 10.798 9.292 65.851 56.743 49.879 1.150 58.637  5
40.508 4.033 11.019 53.160 86.314 31.719 26.267 77.878 3.184 84.686 81.770 95.747 36.404 27.226 75.399 86.896 35.489 16.848 86.428 40.642 34.516 4.162 31.635 91.150 14.960 40.927 57.001 71.702 90.806 58.151 30.339 31.313 62.184 41.358 84.473 48.498 73.077 10.740 26.376 76.261 95.426 8.146 72.008 31.830 35.372 47.407 18.726 70.861  5
64.256 5.154 11.503 98.772 9.316 43.138 89.921 24.276 84.065 46.922 95.978 74.870 5.073 26.317 6.183 67.257 67.675 90.656 15.755 40.752 1.396 42.131 17.013 96.822 50.277 89.021 28.653 85.649 36.429 47.379 56.509 0.684 52.533 68.012 99.456 61.849 11.150 89.377 86.124 95.215 36.299 82.102 70.085 41.372 8.419 76.268 8.629 76.095  5
66.924 24.384 16.847 68.321 66.515 33.860 65.143 16.792 22.881 93.796 2.441 59.310 41.174 58.950 59.994 93.707 26.963 59.450 55.556 38.113 48.827 41.680 33.327 85.126 23.782 3.412 26.498 32.202 79.680 35.127 8.296 46.605 59.512 25.143 14.925 26.027 59.003 80.068 42.819 81.884 73.864 45.260 41.194 15.038 4.210 1.188 8.745 31.173  5
60.637 64.301 69.286 9.464 5.981 2.613 94.590 29.763 6.025 21.088 61.965 85.705 56.216 70.262 32.310 15.727 95.405 47.235 41.754 54.408 27.304 84.574 36.293 1.168 29.834 77.487 16.206 34.044 78.674 24.951 65.217 39.312 89.252 34.502 48.776 95.233 37.115 43.366 24.996 43.140 64.455 86.961 28.845 20.670 57.223 61.155 36.398 52.628  5
8.391 78.152 7.036 35.694 62.726 43.329 36.862 92.560 20.815 53.068 26.604 99.490 78.018 91.820 38.802 67.270 26.323 87.578 62.503 63.438 30.944 87.499 6.578 95.399 74.460 35.423 16.069 31.683 96.579 52.467 84.311 4.969 30.619 91.347 40.664 93.345 34.676 77.526 85.905 55.491 30.593 12.509 54.981 8.611 4.329 93.783 75.881 30.652  5
81.360 38.384 94.090 12.304 25.883 0.668 7.703 0.343 36.091 23.773 32.026 32.670 76.240 16.337 37.639 6.859 7.685 78.303 0.205 42.361 55.828 86.110 97.852 86.421 98.618 52.833 95.033 2.947 46.616 70.914 33.599 27.976 9.298 27.688 40.280 35.181 28.356 47.984 35.524 64.447 71.756 67.550 97.117 47.996 83.887 34.756 54.855 91.572  5
13.059 55.060 33.932 68.887 41.170 31.785 55.309 39.788 84.618 50.341 42.735 31.233 21.255 76.333 59.209 30.553 4.022 99.490 65.734 32.377 47.474 1.257 96.824 19.230 68.807 93.941 67.226 52.694 28.697 22.081 44.265 41.756 77.141 78.198 10.643 18.311 9.982 65.952 58.099 94.600 16.293 0.833 25.833 37.548 77.166 85.043 68.101 81.188  5
84.533 33.835 13.566 32.006 35.092 10.390 51.236 3.899 4.331 18.462 56.593 33.029 40.544 0.858 74.785 17.685 79.056 85.428 35.996 89.038 51.379 94.095 83.638 67.672 94.928 9.472 5.220 72.095 94.514 73.322 53.283 79.047 7.156 66.848 11.054 42.248 77.238 62.290 46.147 81.569 80.752 2.740 14.598 21.296 3.598 89.383 38.981 82.654  5
74.810 74.977 71.692 26.190 69.072 55.331 93.862 64.001 64.802 99.082 36.095 59.317 72.404 89.378 38.364 79.560 56.226 49.417 21.809 33.464 11.707 67.956 15.034 92.459 70.696 29.632 13.755 74.294 19.014 52.736 56.948 93.824 27.714 28.640 20.014 96.786 83.971 13.876 60.787 48.773 12.958 96.882 8.090 85.362 86.260 46.453 64.922 42.486  5
95.871 86.731 75.950 7.578 54.687 90.983 0.037 25.383 20.615 13.792 99.677 39.629 66.529 56.625 33.453 94.242 85.265 53.467 91.029 69.235 67.343 51.815 18.008 80.301 48.697 26.098 65.663 34.957 72.551 30.585 77.442 68.422 17.315 53.392 76.000 72.002 44.375 76.037 97.385 64.990 89.829 97.061 4.619 56.358 53.686 38.072 50.600 38.951  5
91.539 41.629 8.186 58.882 93.444 26.194 39.183 42.141 52.292 4.846 77.098 24.844 35.431 54.541 93.266 52.746 7.933 69.266 24.748 52.308 45.303 22.133 17.298 35.132 19.194 21.917 91.490 72.880 59.989 42.090 11.830 51.529 83.719 20.016 10.411 77.163 46.211 49.594 19.305 98.503 54.440 96.403 23.347 89.871 50.944 16.613 42.617 58.876  5
85.878 67.366 11.184 31.181 89.499 28.482 66.313 8.693 50.400 57.803 81.573 10.389 99.893 93.403 61.918 83.612 13.419 72.329 60.776 59.630 21.923 80.081 58.134 76.363 76.484 81.480 66.234 27.427 98.093 8.851 86.303 83.971 76.217 97.488 15.152 65.715 25.970 81.465 74.408 76.370 39.268 55.980 86.759 39.162 49.383 48.677 22.774 62.803  5
21.006 83.550 22.433 42.928 63.631 80.567 19.291 40.114 62.047 85.525 67.542 60.140 94.376 53.845 44.112 70.593 51.333 59.264 36.308 77.303 40.730 10.716 53.673 79.998 66.696 40.432 19.160 16.080 89.108 41.934 78.883 10.114 25.484 1.316 53.042 89.114 81.883 72.334 29.229 43.930 57.859 96.770 4.070 52.235 50.616 48.182 22.828 1.948  5
7.447 59.137 79.251 48.177 69.853 32.924 28.175 36.549 73.355 47.335 52.629 62.463 89.269 31.512 72.577 14.752 32.828 25.620 3.867 14.710 97.954 33.096 58.640 55.813 29.866 62.711 8.048 80.482 10.893 30.877 82.430 18.340 90.013 61.681 66.517 59.866 94.605 94.692 96.415 67.960 42.026 49.044 30.423 31.295 80.556 3.001 46.047 13.384  5
28.621 49.914 28.094 26.574 83.010 86.735 82.387 12.876 49.445 90.435 93.358 60.339 21.312 75.788 78.679 11.325 37.469 45.196 71.191 32.074 39.887 67.606 0.034 81.913 16.650 30.457 13.208 97.206 33.458 59.256 10.590 62.079 9.170 38.684 88.653 92.180 25.418 71.040 5.057 74.864 61.476 98.415 35.203 82.787 74.203 13.882 94.113 11.673  5
59.077 65.304 43.747 98.965 32.910 43.781 80.878 49.560 74.239 94.086 46.767 7.697 53.342 57.356 69.776 62.512 96.040 58.429 54.693 21.459 29.469 59.749 96.323 90.944 58.164 31.525 73.732 32.368 45.407 67.844 44.041 4.484 33.148 87.788 3.449 66.058 31.569 84.327 15.618 5.807 78.413 62.385 13.504 31.755 19.742 83.280 94.268 15.782  5
41.709 48.960 37.241 71.177 8.709 33.563 62.122 66.874 65.089 35.854 99.242 10.496 3.698 43.282 14.980 36.846 31.070 18.429 2.905 62.639 2.756 18.523 68.446 81.169 80.908 81.950 12.924 0.650 65.230 7.192 16.431 6.939 56.152 53.672 78.116 64.861 87.235 40.238 31.735 52.324 76.092 30.977 62.820 79.790 74.259 77.800 16.637 5.329  5
96.229 19.541 67.967 98.985 38.064 36.413 80.154 18.973 18.364 93.079 19.622 83.594 0.271 36.054 90.533 56.423 89.726 68.649 21.284 76.961 8.888 53.020 29.285 84.980 83.996 92.105 64.770 58.255 69.905 81.407 63.584 66.134 0.948 31.551 65.120 39.013 67.965 45.274 57.985 86.329 38.353 77.608 69.923 38.624 13.661 60.456 95.047 3.387  5
29.105 16.331 80.348 37.993 69.351 9.633 22.973 53.347 1.738 87.743 11.603 71.643 69.149 75.187 37.778 70.098 6.738 2.897 9.111 74.703 48.172 67.096 61.031 86.525 44.704 30.954 25.149 58.365 91.410 20.196 61.751 20.515 36.527 42.099 58.508 5.878 51.732 81.481 59.226 53.470 69.223 70.829 25.113 38.373 46.015 62.891 8.471 52.753  5
65.788 17.582 27.456 13.960 84.678 88.488 0.485 29.381 19.442 25.634 87.746 10.852 45.830 49.498 31.368 82.357 91.597 89.876 88.235 43.329 71.357 47.461 96.799 40.580 18.290 21.912 78.953 64.305 84.803 87.424 17.058 50.592 5.005 44.515 64.552 89.683 33.002 65.036 19.065 52.444 90.670 6.811 63.296 36.500 56.309 94.664 18.857 47.905  5
84.540 7.092 91.234 55.897 54.553 88.033 96.477 72.843 9.946 75.430 37.148 94.749 62.854 54.206 45.341 67.860 98.721 9.892 57.543 31.723 74.928 76.608 84.167 65.598 83.418 47.463 2.098 39.727 42.127 20.955 87.632 26.667 28.047 78.867 82.564 82.600 66.900 79.042 55.443 76.846 54.472 92.591 71.595 17.326 46.797 16.935 85.186 45.518  5
